0.8730765581130981
0.8127838373184204
0.7175991535186768
0.4333743453025818
-0.0027769356966018677
-0.350037157535553
-0.004284568130970001
-0.22647598385810852
0.06195098161697388
0.3184109330177307
0.1725015640258789
0.13096660375595093
0.15282216668128967
1.1949495077133179
0.7656770944595337
1.0197782516479492
0.4690861105918884
-0.21428382396697998
-0.663834810256958
-0.25954532623291016
-0.8461453318595886
-1.4555219411849976
-0.5206050872802734
-0.25690343976020813
0.5367551445960999
0.49562856554985046
0.0573374480009079
-0.2117501199245453
-0.042207323014736176
-0.4030817449092865
0.0188843235373497
-0.5566198825836182
-0.15514734387397766
-0.30275416374206543
-0.10653615742921829
-0.42734819650650024
0.4447171986103058
0.6675888895988464
0.07040584087371826
0.04437479376792908
-0.03959454596042633
-0.5265960693359375
-0.38350367546081543
-0.4495667815208435
-0.4242790937423706
-0.3016696274280548
0.12271158397197723
0.0571359284222126
-0.30706143379211426
-0.12194932252168655
0.23126524686813354
0.04028394818305969
-0.2283833622932434
0.04780242219567299
-0.21332979202270508
0.8890940546989441
0.8304951786994934
0.7311326861381531
0.7519869804382324
-0.15622416138648987
-0.18446043133735657
-0.7506003379821777
-0.022784806787967682
-0.8646430969238281
-0.09949513524770737
0.3652266561985016
0.03152354061603546
-0.21253296732902527
-0.1567269265651703
-0.39733365178108215
-0.05366034060716629
0.532052755355835
0.16658473014831543
-0.33564427495002747
-0.4344235062599182
0.4631798565387726
0.08967041969299316
0.1327112317085266
0.17616337537765503
0.17664453387260437
-0.2617257535457611
-0.3302249610424042
-0.18113932013511658
-0.4988398551940918
-0.47502630949020386
-0.7573931217193604
-0.07698117941617966
-0.6951372623443604
-0.23618248105049133
0.7917572855949402
0.06801990419626236
0.45480281114578247
0.4460447430610657
-0.13232433795928955
0.05422336980700493
-0.119146429002285
-0.3378620147705078
-0.025926001369953156
0.054325539618730545
0.6352335810661316
0.7696561217308044
0.6870850324630737
0.37170886993408203
0.12448281794786453
0.15838247537612915
-0.3498048186302185
-0.22489285469055176
-0.15415221452713013
-0.18037790060043335
-0.08102606981992722
-0.1218399778008461
0.19455012679100037
0.010156393051147461
0.15992823243141174
0.07595623284578323
-0.1596488356590271
-0.30956801772117615
-0.16964522004127502
-0.1373862624168396
-0.004489116370677948
-0.2763310372829437
-0.2931450605392456
-0.22876545786857605
-0.24000880122184753
-0.32164686918258667
0.05626456439495087
-0.3064526319503784
-0.07353516668081284
0.10622408986091614
-0.09528502076864243
-0.766543447971344
-1.5801228284835815
-0.41541534662246704
-0.7192853093147278
-0.34900519251823425
0.22009435296058655
0.5750935077667236
0.2420814037322998
-0.004340872168540955
0.6944495439529419
0.36699166893959045
0.09949935227632523
-0.10151577740907669
-0.06728402525186539
-0.227525532245636
-0.25170668959617615
-0.039418235421180725
-0.6395959854125977
-0.8974264860153198
-0.4616405963897705
-0.14640524983406067
-0.06820077449083328
-0.38481953740119934
-0.12345661967992783
-0.15430346131324768
-0.6136598587036133
-1.2145150899887085
-0.935599148273468
-0.8637799620628357
-0.7360832095146179
-0.8552747368812561
-1.2414559125900269
-0.5477401614189148
0.49763813614845276
-0.34320971369743347
-0.9175961017608643
-0.5243641138076782
-0.14771389961242676
0.01900477707386017
0.25578007102012634
-1.1628546714782715
-0.6595455408096313
-0.8190361857414246
-0.9434052109718323
-1.6990379095077515
-1.5772793292999268
-1.0265302658081055
-1.1657748222351074
-1.6014114618301392
-1.4201529026031494
-0.7452869415283203
-0.6241664290428162
-0.6441385746002197
-0.5339642763137817
-0.34460169076919556
-0.007098354399204254
0.27266132831573486
-0.6401791572570801
-0.7187386155128479
-1.1195731163024902
-0.17327389121055603
0.32536762952804565
1.0000072717666626
0.2570158839225769
0.08558614552021027
-0.36006632447242737
-0.0877593383193016
0.8529311418533325
0.26774802803993225
0.1864246129989624
0.04957994073629379
-0.2774672508239746
0.04342835396528244
0.035424716770648956
0.23365381360054016
0.18096300959587097
0.2228693962097168
0.16766875982284546
0.11614209413528442
-0.06031591445207596
0.2511904537677765
0.17707081139087677
0.4015389680862427
0.04831550270318985
-0.3665943443775177
-0.2264021635055542
0.527940571308136
0.8753196597099304
0.3700728416442871
-0.5040722489356995
-0.45945197343826294
-0.470231831073761
-0.4868224263191223
-0.49830108880996704
-0.5052356719970703
-0.5074611902236938
-0.4769575595855713
-0.45214611291885376
-0.05429176241159439
0.06669409573078156
0.06987705826759338
0.0698646754026413
0.0698646754026413
-0.05436352640390396
-0.11490156501531601
0.15175506472587585
0.1714167594909668
0.1503007411956787
0.20468977093696594
0.05486085265874863
-0.06963909417390823
0.024097375571727753
0.016793832182884216
-0.012097425758838654
-0.3073382079601288
-0.19799751043319702
0.018348783254623413
-0.11357522755861282
-0.06954648345708847
0.0017563775181770325
-0.07097185403108597
-0.11616053432226181
-0.09251879900693893
-0.031445734202861786
-0.09098581224679947
-0.09642758220434189
-0.2425086796283722
-0.2645767033100128
-0.214588463306427
-0.30156904458999634
-0.1190062090754509
-0.07994294911623001
-0.09508811682462692
-0.0815599337220192
-0.05876141041517258
-0.06440988928079605
-0.04212535172700882
-0.04067780822515488
-0.04193411022424698
-0.04276851564645767
-0.04283425956964493
-0.042766787111759186
-0.04257240891456604
-0.04487869143486023
-0.044885240495204926
-0.04442763328552246
-0.020548366010189056
-0.03999468684196472
-0.018483079969882965
-0.010188035666942596
-0.009601511061191559
-0.010487265884876251
-0.010595105588436127
-0.010973624885082245
0.06942421942949295
0.02729836478829384
0.024671904742717743
0.026786550879478455
0.2635137140750885
0.28123706579208374
0.265752375125885
0.26866456866264343
0.26920822262763977
0.21653810143470764
0.23837757110595703
0.34029513597488403
0.37138521671295166
0.36091557145118713
0.528927206993103
0.45959657430648804
0.24117818474769592
0.24868574738502502
0.258469820022583
0.25224828720092773
0.17258840799331665
0.04704080894589424
0.03247445076704025
0.03351450711488724
0.07412160187959671
0.035794697701931
0.09192676842212677
0.15192922949790955
0.13907933235168457
-0.0495968833565712
-0.1755748987197876
-0.007772631943225861
-0.12397981435060501
-0.0020042136311531067
-0.0028152987360954285
0.03252873569726944
-0.007910586893558502
0.024294588714838028
-0.026061363518238068
-0.10307195037603378
0.12707017362117767
0.27902817726135254
0.17738240957260132
0.18584072589874268
0.05613262578845024
-0.11161399632692337
0.007334716618061066
-0.07633485645055771
0.4089730679988861
0.4510765075683594
0.2115648090839386
0.20500698685646057
0.19526347517967224
0.18112820386886597
0.23654994368553162
0.09546821564435959
0.0259714275598526
-0.14781761169433594
0.1978760063648224
-0.016340531408786774
-0.07117863744497299
0.08277694880962372
0.05053962767124176
0.04358740523457527
0.14691098034381866
-0.05012077838182449
0.15355753898620605
0.00321187824010849
-0.20427286624908447
0.0641605332493782
0.11341021955013275
-0.1175411269068718
-0.19721752405166626
-0.1361057460308075
-0.015272565186023712
-0.05869460850954056
-0.3342351019382477
-0.2584828734397888
-0.4045475125312805
-0.42025166749954224
-0.17805388569831848
-0.20984843373298645
-0.009410746395587921
-0.06117025762796402
-0.15889331698417664
-0.3428906202316284
-0.36164212226867676
-0.25414159893989563
-0.5893723368644714
-0.10024837404489517
-0.11311333626508713
0.7162302732467651
0.23618516325950623
0.5298162698745728
0.54351806640625
0.6991273164749146
0.7889471650123596
0.6056376099586487
0.5584722757339478
0.6944634318351746
0.5043886303901672
0.5407141447067261
0.22221902012825012
0.3510524332523346
0.4374162256717682
-0.22843173146247864
0.00037483125925064087
0.37777039408683777
-0.020065777003765106
0.043815143406391144
0.05898544192314148
-0.07907243818044662
0.1770685315132141
0.3564146161079407
0.4526216387748718
0.27370619773864746
-0.04851541668176651
0.19609802961349487
0.21337169408798218
0.4476187527179718
-0.19905444979667664
-0.1322401762008667
-0.13776105642318726
-0.40774005651474
0.13662996888160706
0.5271437764167786
0.3594978451728821
0.1052275225520134
0.03077687695622444
0.04235280677676201
0.02326737344264984
0.0540425069630146
-0.12011183053255081
0.12733283638954163
-0.04044879227876663
0.29394495487213135
-0.2810635268688202
-0.2524769902229309
-0.1121060773730278
-0.07803905755281448
0.1610611230134964
0.3563186526298523
0.12966951727867126
0.1126619279384613
0.003155164420604706
-0.12910795211791992
0.016436520963907242
0.2893123924732208
0.058423444628715515
0.26875466108322144
0.7337597012519836
0.6440367102622986
0.7250844836235046
-0.027680933475494385
1.0987260341644287
0.4483449459075928
0.48978757858276367
0.43120843172073364
0.8986667394638062
0.8759817481040955
0.36153271794319153
0.7022488117218018
0.8636927604675293
1.2259986400604248
0.8229990601539612
0.7023403644561768
0.5240042209625244
0.3549005091190338
0.35055217146873474
-0.06805352121591568
0.5057675242424011
0.24117258191108704
0.264882892370224
0.4848528504371643
0.14611724019050598
-0.07565739005804062
0.285365492105484
0.2883843779563904
0.28864651918411255
0.0988069623708725
-0.8288415670394897
-0.5454765558242798
0.5048916339874268
0.0896281898021698
-0.41499167680740356
-0.9959048628807068
-1.1933848857879639
-1.9193155765533447
-1.6467093229293823
-0.38845551013946533
-1.1470755338668823
-1.0658081769943237
-0.8783703446388245
-0.6103687882423401
-0.4950510263442993
0.07992556691169739
0.4720643162727356
0.0632776990532875
0.45763856172561646
0.2810609042644501
0.10045881569385529
0.5193032026290894
1.4559903144836426
0.4590749144554138
0.3923259973526001
-0.07140014320611954
-0.4468631148338318
0.08028116822242737
0.0942114070057869
0.4433955252170563
0.19396531581878662
0.7748000621795654
-0.25762346386909485
-0.03546532243490219
-0.6116678714752197
0.3201902508735657
-0.22532591223716736
0.27408236265182495
0.027635760605335236
0.2344624102115631
-0.23526933789253235
-0.05538734048604965
-0.16237789392471313
-0.08163978904485703
-0.2543119490146637
-0.2632655203342438
0.0490247905254364
0.07387338578701019
-0.09374038130044937
-0.21104612946510315
0.018683716654777527
-0.0688420906662941
0.2236996293067932
0.07217148691415787
0.48977532982826233
0.36564844846725464
0.13315081596374512
0.1353355497121811
0.449426531791687
0.33751407265663147
0.550451397895813
0.5685440897941589
0.31623491644859314
-0.09273489564657211
-0.12315922230482101
0.012441746890544891
-0.22522187232971191
-0.3823406398296356
-0.287882924079895
-0.29880109429359436
-0.43769699335098267
-0.517388641834259
-0.5426837205886841
-0.5098770260810852
-0.21310365200042725
-0.509796679019928
-0.09095295518636703
0.10353699326515198
-0.3842446506023407
-0.13315147161483765
-0.3591234087944031
0.07663755118846893
-0.09475650638341904
-0.17600011825561523
0.07126937061548233
-0.05920172482728958
-0.09514906257390976
-0.22731506824493408
0.3722975254058838
0.39540359377861023
0.10766887664794922
0.012024745345115662
-0.12988123297691345
0.11234798282384872
0.21884244680404663
-0.015278033912181854
-0.3047269880771637
-0.1526380479335785
-0.1163051649928093
-0.055230654776096344
-0.4544640779495239
0.12277644872665405
0.19212770462036133
0.4418133795261383
0.5466515421867371
0.10281842201948166
0.20019745826721191
0.3489493131637573
0.0736866146326065
0.4604334533214569
0.5807530283927917
0.7118843197822571
0.11332857608795166
0.12988722324371338
-0.08038265258073807
0.13645485043525696
0.3393910229206085
0.7528569102287292
0.1486968696117401
0.6367548108100891
0.39806169271469116
0.891023576259613
0.5947520136833191
1.2439358234405518
0.2571384906768799
0.24082428216934204
0.14577485620975494
0.3239361047744751
0.5531192421913147
0.04704035073518753
0.5935224294662476
1.0512877702713013
0.7458220720291138
0.5263683795928955
0.660950243473053
0.7239652872085571
0.33657407760620117
0.5449501276016235
0.5286226272583008
0.5027804374694824
-0.08431760221719742
0.34239062666893005
0.4065285921096802
0.6953754425048828
0.6286609768867493
0.36197251081466675
0.05846800655126572
0.2750714421272278
0.17362238466739655
0.3970508575439453
0.4517209827899933
0.9662947058677673
1.039081335067749
2.105175733566284
1.2928704023361206
0.7264247536659241
0.3103303909301758
0.6411396861076355
0.8673537373542786
0.8618803024291992
0.3629741072654724
0.4560500979423523
0.40818551182746887
0.514815628528595
-0.28428006172180176
-0.08493728190660477
0.40530839562416077
0.3168213963508606
0.2986641526222229
0.38473641872406006
0.5768340229988098
0.9474712014198303
0.1703827679157257
0.38197851181030273
0.659580647945404
0.08224678039550781
0.17974428832530975
0.27951836585998535
0.40710243582725525
0.30899927020072937
0.09094652533531189
0.062438346445560455
-0.014495849609375
1.1454083919525146
0.35288336873054504
0.17232277989387512
0.44261693954467773
0.4953446388244629
0.21248450875282288
0.1315763145685196
0.4484890401363373
0.594750165939331
0.4491629898548126
0.4686005413532257
0.081309475004673
0.1591319441795349
0.947293758392334
0.37572503089904785
0.627716064453125
0.26885634660720825
0.5106931924819946
0.9773521423339844
0.8194233179092407
0.0031188353896141052
-0.14047297835350037
-0.1407952606678009
0.12316139042377472
0.17579953372478485
0.3150078356266022
-0.06048551946878433
0.00024386495351791382
-0.03784967213869095
0.07334259152412415
-0.0411313995718956
-0.17236033082008362
0.1266067922115326
0.30914413928985596
0.4831652045249939
0.4586449861526489
0.314704030752182
0.15518343448638916
0.14535856246948242
0.19117394089698792
0.24353128671646118
-0.019654609262943268
0.5104172229766846
0.4071744680404663
0.3608990013599396
0.07085973769426346
0.26602187752723694
0.2893175780773163
0.6351704597473145
0.6106396317481995
0.5237962007522583
0.31869786977767944
0.3187253177165985
0.4516911208629608
0.3971160054206848
0.4848394989967346
0.7992710471153259
0.5618083477020264
0.6024264693260193
0.3876107633113861
0.39293450117111206
0.5774359703063965
0.5499565601348877
0.8158931136131287
0.3944414258003235
0.5398924350738525
0.612498939037323
0.5352485179901123
0.6090061068534851
0.39474940299987793
0.21527031064033508
0.3235868513584137
0.5413850545883179
0.7249692678451538
0.4094696640968323
0.5799203515052795
0.878619372844696
0.7371589541435242
0.9083154201507568
0.7558056116104126
1.0665432214736938
1.3642174005508423
1.0564485788345337
0.6706539392471313
1.4145569801330566
1.5193439722061157
1.216788411140442
1.19179105758667
0.6090562343597412
0.778680682182312
1.0561443567276
0.7969571352005005
0.7001290321350098
0.579311192035675
0.5403516888618469
0.1901381015777588
-0.03200574964284897
0.3100581467151642
0.6873669028282166
-0.03660457581281662
0.7539942860603333
0.8761829733848572
0.6674895286560059
0.8393518328666687
0.798870861530304
1.1077860593795776
0.9246940612792969
0.13731670379638672
0.41544032096862793
0.5144484043121338
0.6159108877182007
0.60809326171875
0.23581832647323608
0.3148515522480011
0.26463738083839417
0.3745602071285248
0.12205120921134949
0.21086633205413818
0.249685138463974
0.10175178945064545
0.15897981822490692
0.17603042721748352
0.21069875359535217
0.20702779293060303
0.17103171348571777
0.29689058661460876
0.22315126657485962
0.1832728087902069
0.16544654965400696
0.15461160242557526
-0.059634096920490265
0.604177713394165
0.5799418091773987
0.6149474382400513
0.39732885360717773
0.824275553226471
0.8371607661247253
0.6882036328315735
0.7820774912834167
0.7611265182495117
0.8447549343109131
0.7504315376281738
0.4768933653831482
0.2745477557182312
0.18598422408103943
0.14076748490333557
0.08155565708875656
0.1290375292301178
0.13147178292274475
0.21397840976715088
-0.34374722838401794
0.22229397296905518
0.15372896194458008
0.49928921461105347
-0.0038013532757759094
0.36291152238845825
0.5094972848892212
0.5907665491104126
0.42206647992134094
0.4122118651866913
0.39924973249435425
0.2995566725730896
0.7669535279273987
0.018410831689834595
0.222441166639328
0.23115068674087524
0.20400258898735046
-0.19698578119277954
0.22421887516975403
0.27572816610336304
0.5154671669006348
0.41080281138420105
0.308440625667572
0.6245274543762207
0.476529985666275
0.7954192161560059
0.9321835041046143
0.14186076819896698
0.1297854334115982
-0.16887769103050232
0.4011131823062897
-0.07052663713693619
-0.4081922173500061
-0.45704877376556396
-0.7099253535270691
-0.8667009472846985
-1.231947422027588
-1.162639856338501
0.07432463020086288
-0.0428779199719429
-0.11758293956518173
-0.2458295226097107
-0.21838721632957458
-0.6212931275367737
-0.1198669895529747
-0.3235378861427307
-0.17330288887023926
0.008287407457828522
0.791516900062561
0.21444502472877502
-0.22371220588684082
-0.6139446496963501
0.21495389938354492
0.6732046604156494
0.815191924571991
0.19686168432235718
-0.6911270618438721
-0.6277886629104614
-0.38631147146224976
-0.2150285542011261
0.20367249846458435
0.6986234784126282
0.9115487933158875
0.6635141372680664
0.38883835077285767
-0.03889148682355881
-0.1270793378353119
0.11350754648447037
-0.04619227349758148
-0.28143027424812317
-0.25410810112953186
-0.028742045164108276
-0.32449620962142944
-0.6208120584487915
-0.4698905348777771
0.42134082317352295
-0.11527789384126663
0.9452317357063293
0.23858195543289185
0.5197508931159973
0.5958260893821716
0.7879140377044678
0.6362126469612122
-0.15658751130104065
0.23669955134391785
0.2043340504169464
0.1936846375465393
-0.05355355888605118
0.1505173146724701
0.27717727422714233
0.3510143756866455
0.10627750307321548
0.23557177186012268
0.2112818956375122
0.04900852218270302
-0.07334964722394943
-0.049625225365161896
0.03665078058838844
0.018207013607025146
-0.09120423346757889
-0.0709407702088356
0.2102585732936859
-0.04792982339859009
0.20769160985946655
0.1271015703678131
0.17471474409103394
0.2080051600933075
0.14881014823913574
0.20397719740867615
0.30396920442581177
0.1610879898071289
0.13787657022476196
0.10968095064163208
0.07509258389472961
0.2488451600074768
0.38373637199401855
0.27557307481765747
0.12776264548301697
0.6077146530151367
0.4436267614364624
0.4649811089038849
0.2027125060558319
0.46989524364471436
0.1749444603919983
-0.08614595979452133
0.2565790116786957
0.06912171840667725
-0.025646626949310303
0.027145039290189743
0.0479104109108448
0.20862090587615967
0.35054606199264526
0.28639650344848633
0.20917853713035583
0.05462506040930748
-0.5337669253349304
-0.6281988620758057
-0.8157679438591003
-0.9604150652885437
-0.8766169548034668
-1.2637149095535278
0.4504791498184204
-0.11472419649362564
-0.24710172414779663
-0.03814287483692169
-0.28455522656440735
-0.2887026369571686
-0.34219688177108765
0.0340985506772995
-0.06545085459947586
-0.20452022552490234
0.18602252006530762
-0.6856207251548767
-0.38547536730766296
-0.19225618243217468
-0.3576810956001282
-0.4252704381942749
-0.24315118789672852
-0.130368173122406
0.3854435086250305
-0.06432286649942398
-0.3725893497467041
-0.13546741008758545
-0.23621925711631775
-0.20018130540847778
-0.24394765496253967
-0.48621129989624023
-0.3519366383552551
-0.21105077862739563
-0.18508633971214294
0.0191936232149601
0.604029655456543
0.14939451217651367
-0.28126975893974304
0.19425752758979797
0.04358822479844093
-0.10868077725172043
-0.037451811134815216
0.04212820157408714
0.13507989048957825
0.1511296182870865
0.2690202295780182
-0.0374954491853714
0.06262366473674774
0.20148950815200806
0.3426987826824188
0.5988691449165344
-0.13009077310562134
-0.00901416689157486
0.16172900795936584
0.13603642582893372
0.3728884756565094
0.5448086857795715
0.20062196254730225
0.15706093609333038
-0.26841166615486145
-0.9000855684280396
0.7137870192527771
0.6663381457328796
0.24200698733329773
0.14539644122123718
0.21061491966247559
0.29188272356987
-0.2114419937133789
0.055190104991197586
-0.11996137350797653
-0.1951533854007721
-0.2137945294380188
-0.050621069967746735
0.02186073735356331
0.1628386229276657
-0.05126624554395676
-0.14304110407829285
-0.19501972198486328
0.29528358578681946
0.29008111357688904
-0.0618608221411705
0.17637699842453003
0.23399034142494202
-0.20105326175689697
0.41139790415763855
0.2721056342124939
0.4815511405467987
0.276785284280777
0.2025098204612732
0.04513000324368477
0.44805222749710083
0.24859532713890076
0.05187366530299187
0.05976462364196777
-0.1381731927394867
0.22029921412467957
0.2143254280090332
0.3132111430168152
0.21169310808181763
0.5316416025161743
0.502634584903717
0.6813626289367676
0.3380427062511444
0.9220197796821594
-0.12972158193588257
0.29481396079063416
-0.7901603579521179
-0.25508564710617065
-0.7661207318305969
-0.36727604269981384
-0.8037939071655273
-0.4576205611228943
-0.44845014810562134
-0.8464269638061523
-0.32428598403930664
-0.5782440900802612
-0.41145792603492737
-0.11872551590204239
-0.16882601380348206
-0.13397684693336487
-0.2445196509361267
-0.33277297019958496
-0.5381103754043579
-0.2968723475933075
0.18947893381118774
-0.26249435544013977
-0.7168275713920593
-0.28062787652015686
-0.8789166212081909
-0.2919796109199524
-0.42204371094703674
0.11273151636123657
-0.26496773958206177
-0.3447694778442383
-0.5155429840087891
-0.4068729281425476
-0.3067530393600464
-0.39172422885894775
-0.8019074201583862
-0.4723057746887207
-0.4959077835083008
-0.2216755449771881
-0.5249810814857483
-0.49264389276504517
-0.38781675696372986
-0.26034778356552124
-0.28795549273490906
-0.2618532180786133
-0.1458304226398468
-0.23579168319702148
-0.4553210735321045
-0.20165175199508667
-0.07723673433065414
-0.23662373423576355
-0.08402211219072342
-0.13136714696884155
0.05919820815324783
-0.2815842628479004
-0.07885485142469406
-0.04254019260406494
0.06470118463039398
0.13215485215187073
0.06683586537837982
-0.07633454352617264
0.24332258105278015
0.029573123902082443
0.09380693733692169
-0.17790648341178894
-0.1323937177658081
0.013546057045459747
-0.22207707166671753
-0.09569982439279556
-0.28086140751838684
-0.14427152276039124
-0.21032091975212097
-0.4485832452774048
-0.3046257197856903
-0.7718014717102051
-0.2863363027572632
-0.2709462642669678
0.03984885662794113
-0.3317616283893585
-0.07489582151174545
0.09383834898471832
-0.2930237650871277
0.2842656075954437
-0.5213782787322998
0.2626309394836426
0.00832715630531311
-0.7989100217819214
-0.5977317094802856
-1.1333560943603516
-1.2281936407089233
-1.1849520206451416
-2.095503807067871
-1.939578652381897
-0.2532573938369751
0.16403983533382416
-0.35755491256713867
0.2641984224319458
0.5960640907287598
0.0811748206615448
0.8632367253303528
0.4533133804798126
0.676961362361908
0.23713281750679016
0.5010105967521667
0.5145310759544373
0.4416084885597229
0.3009771704673767
0.5569546818733215
0.17322757840156555
-0.03315237909555435
0.037605054676532745
0.5143133997917175
0.4564124643802643
0.25483372807502747
0.38123267889022827
0.5233075618743896
0.618226945400238
0.4317028820514679
0.17366637289524078
0.413054496049881
0.22467881441116333
0.21395441889762878
0.3579266369342804
0.22388508915901184
0.25647997856140137
0.32707417011260986
0.42070209980010986
0.3603664040565491
0.33254918456077576
0.19393232464790344
0.03483501821756363
0.057001128792762756
0.18645240366458893
0.39390408992767334
0.16132929921150208
0.3008156716823578
0.8907016515731812
0.5868908762931824
0.8691954016685486
0.9670506119728088
0.7124537825584412
0.2838011682033539
0.5760596394538879
0.625476062297821
0.04839376360177994
-0.35241854190826416
0.44070497155189514
0.21513375639915466
0.6740850806236267
0.21516868472099304
0.15265852212905884
0.2710757851600647
-0.46653515100479126
0.057022906839847565
-0.6402620077133179
-0.8453462719917297
-0.702839732170105
-0.1879321038722992
0.6180576086044312
0.23903584480285645
0.005434863269329071
-0.8310601711273193
-0.026401221752166748
0.12661802768707275
0.31428074836730957
0.15011602640151978
0.6809512972831726
0.7607576847076416
0.36032551527023315
1.0082544088363647
0.8900277018547058
0.8656631112098694
0.8236360549926758
1.0255581140518188
0.7133477330207825
0.750047504901886
0.2660408020019531
0.7943140864372253
0.8308566808700562
0.9033635258674622
-0.866134762763977
-2.0408027172088623
-1.057505488395691
-1.171927809715271
-0.8927966356277466
-0.220732182264328
-0.7582205533981323
-0.3268847167491913
0.3513545095920563
1.198439359664917
0.44738298654556274
1.0088292360305786
0.49030929803848267
0.7089059948921204
1.0153075456619263
0.6164482235908508
-0.17979630827903748
0.08448231965303421
-0.317471444606781
0.6110513210296631
0.547622799873352
0.4548485279083252
0.2907058000564575
